0.000000
0.187381
0.368125
0.535827
0.684547
0.809017
0.904827
0.968583
0.998027
0.992115
0.951057
0.876307
0.770513
0.637424
0.481754
0.309017
0.125333
-0.062791
-0.248690
-0.425779
-0.587785
-0.728969
-0.844328
-0.929776
-0.982287
-1.000000
-0.982287
-0.929776
-0.844328
-0.728969
-0.587785
-0.425779
-0.248690
-0.062791
0.125333
0.309017
0.481754
0.637424
0.770513
0.876307
0.951057
0.992115
0.998027
0.968583
0.904827
0.809017
0.684547
0.535827
0.368125
0.187381
0.000000
-0.187381
-0.368125
-0.535827
-0.684547
-0.809017
-0.904827
-0.968583
-0.998027
-0.992115
-0.951057
-0.876307
-0.770513
-0.637424
-0.481754
-0.309017
-0.125333
0.062791
0.248690
0.425779
0.587785
0.728969
0.844328
0.929776
0.982287
1.000000
0.982287
0.929776
0.844328
0.728969
0.587785
0.425779
0.248690
0.062791
-0.125333
-0.309017
-0.481754
-0.637424
-0.770513
-0.876307
-0.951057
-0.992115
-0.998027
-0.968583
-0.904827
-0.809017
-0.684547
-0.535827
-0.368125
-0.187381
-0.000000
