[ 0.00000000e+00  1.25333234e-01  2.48689887e-01  3.68124553e-01
  4.81753674e-01  5.87785252e-01  6.84547106e-01  7.70513243e-01
  8.44327926e-01  9.04827052e-01  9.51056516e-01  9.82287251e-01
  9.98026728e-01  9.98026728e-01  9.82287251e-01  9.51056516e-01
  9.04827052e-01  8.44327926e-01  7.70513243e-01  6.84547106e-01
  5.87785252e-01  4.81753674e-01  3.68124553e-01  2.48689887e-01
  1.25333234e-01  1.22464680e-16 -1.25333234e-01 -2.48689887e-01
 -3.68124553e-01 -4.81753674e-01 -5.87785252e-01 -6.84547106e-01
 -7.70513243e-01 -8.44327926e-01 -9.04827052e-01 -9.51056516e-01
 -9.82287251e-01 -9.98026728e-01 -9.98026728e-01 -9.82287251e-01
 -9.51056516e-01 -9.04827052e-01 -8.44327926e-01 -7.70513243e-01
 -6.84547106e-01 -5.87785252e-01 -4.81753674e-01 -3.68124553e-01
 -2.48689887e-01 -1.25333234e-01 -2.44929360e-16  1.25333234e-01
  2.48689887e-01  3.68124553e-01  4.81753674e-01  5.87785252e-01
  6.84547106e-01  7.70513243e-01  8.44327926e-01  9.04827052e-01
  9.51056516e-01  9.82287251e-01  9.98026728e-01  9.98026728e-01
  9.82287251e-01  9.51056516e-01  9.04827052e-01  8.44327926e-01
  7.70513243e-01  6.84547106e-01  5.87785252e-01  4.81753674e-01
  3.68124553e-01  2.48689887e-01  1.25333234e-01  3.67394040e-16
 -1.25333234e-01 -2.48689887e-01 -3.68124553e-01 -4.81753674e-01
 -5.87785252e-01 -6.84547106e-01 -7.70513243e-01 -8.44327926e-01
 -9.04827052e-01 -9.51056516e-01 -9.82287251e-01 -9.98026728e-01
 -9.98026728e-01 -9.82287251e-01 -9.51056516e-01 -9.04827052e-01
 -8.44327926e-01 -7.70513243e-01 -6.84547106e-01 -5.87785252e-01
 -4.81753674e-01 -3.68124553e-01 -2.48689887e-01 -1.25333234e-01]